cuhjd3 PET 8 6 10 8 7 9 10 9
vsgyo4 IKI 8 6 9 7 8 10 7 9 8 9 9 8 8 9 8 8 8 8 9 7 6 7 7 9
waany2 IKI 8 7 10 7 8 7 8 10 8 9 6 6 7 10 9 9 7 6
fkzhb5 IKI 7 9 7 6 6 8 8 9 8 9 6 8 8 9 9 10 7 6 8 9 9 9 7 6 9 6 8 7
vsneg0 PET 10 9 7 6 8 6 9 6 10 7 6 10 8 10 8
yocbh2 MT 7 9 8 6 10 8 10 8 6 7 7 9 9 8 7
mzvro7 MT 10 9 9 10 7 6 9 7 8 9 7 8 7 7
vgeuq2 KNI 8 7 8 7 10 10 9 7 7 8 7 9 7 6 10 8 6 6 9 7 9 8 10 7 9 9 8 8 9 6 10 6 6 7 10 6 9 9
mgndj2 PET 9 6 9 8 7 8 8 7 10 8 8 8 10 9 10 8 7 9 9 10 9 8 8 8 9 9 10 8 7
uecbu5 MT 8 7 8 7 10 8 8 8 7 10 9 6 9 8 8 10 8 9 9 6 6 7 9 8 6 9 6 9
zshyq1 KNI 9 9 9 7 8 10 10
juafh3 PET 7 6 9 7 8 7 7 7 10 7 8 8
wiavh7 KNI 8 10 9 7 7 7 8 6 6 10 10 8 10 8 6 7 8 8 7 7 8 7 9 8 8 6 9 8 10 7 9 7 6 7 8 9 9
gertw0 MT 7 8 8 6 10 10 9 9 8 8 8 8 6 8 7 6
saunm8 PET 10 9 7 8 10 9 6 6 10 8 6 8 7 8 6 8 8 7 8 7 6 9 7 6 6 9 9 8 9 8
goact2 IKI 8 8 8 10 6 9 10 9 10 7 10 6 7 7 7 10 6 10 9 9 8 10 9 10 8 6 6 8 6 6 10 8 10 10 7 7 7 8 8
rkmkc7 IKI 8 8 10 6 8 10 9 10 10 8 8 6 8 8 8 10 10 9 7 9 8 7 10 9 10 9
xqyrv6 IKI 8 6 8 8 8 9 8 6 7 6 9
ufcbn1 IKI 9 6 6 8 6 6 10 8 8 6 7 9 9 9 10 7 9 10 7 7 8 8 6 8 9 6 10
gtgmx7 KNI 6 9 6 9 7 8 6 6 10 6 9 8 8 6 8 10 10 6 7 6 8 7 10 7 9 9 10 8 10 9 7 6 7 9 8 7 9 8 7
ryuac7 PET 7 9 10 8 9 10 8 6 9 8 9 9
cznbp2 MT 8 7 9 10 9 8 8 8 8 6 7 7 7 8 8 9 6 9
xrfnb0 IKI 10 9 9 10 7 8 9 8 8 8 9 9 7 10 8 6 8
cugcg7 IKI 7 8 8 9 9 9 8 8 7 6 9 7 9 10 9 10 6 8 9 7 6 8 10
pynql7 IKI 10 8 9 7 8 8 8 7 9 7 9 8 8
zplnk5 KNI 9 9 6 6 7 8 6 8 9 9 8 6 10 8 8 6 6 8 8 8 6 6 6 7 7 6 7 9
vsbzj7 KNI 6 7 7 8 8 7 6 6 9 9 8 10 6 8 7 10 6
nuysn5 PET 10 7 9 8 7 8 9 9 8 7 7 9 6 7 9 9 7
rhfcy4 KNI 9 8 6 9 6 9 6 8 9 7 9 6 8 7 9 6 9 7 8 7 7 7 6 8 9 9 7 9 6
koswj8 IKI 10 8 8 7 8 10
uamjn8 KNI 8 9 9 6 6 6 8 8 9 6 9 9 8 6 7 9 7 9 9 8 9 7 10 7 7 7 9 10 7
ywiuo5 IKI 8 10 9 10 10 7 10 6 7
luves2 PET 6 7 10 9 10
myxwz7 PET 7 8 8 9 8 9 7 6 8 8 8 10 7 6 6
xurjw3 IKI 9 8 6 6 10 9 9
fsipl1 KNI 10 8 8 8 8 7 6 6 7 7 8 6 7 8 7
rnpof6 MT 7 8 6 10 9 9
owxob2 PET 8 6 9 8 9 8 9 9 10 9 10 7 7
ywcfb6 KNI 9 8 9 8 7 8 10 6 8 7 9 9 10 7 7 8 6 10 9 10 8 9 9 9 9 9 6 7 6
nrpkk3 PET 10 9 8 7 7 8 8 8 6 9 9 9 10 8 8 10 7 10 10 8 7 6 8 10 7 8 8 7 6 10 9 8 9 7 9 9 8 6
jjwmd7 MT 6 9 9 8 8 8 6 8 8 9 8 10 8 7 8
eigvz2 MT 9 6 10 8 9 8 10 9 8 8 7 9 6 8 9 7 8 8 8 8 8 7 10
wwvdj1 KNI 7 6 7 6 8 7 7 9 9 6 8 9 10 8 7 7 6 9 7 8 9 8 7 8 9 10 7 9 6 10 6 9 7 10 9 10 10 7 9
hvhbv8 KNI 6 10 10 9 6 8 7 10 8 7 9 10 6 6 9 10 6 10 7 6 7 9 7
utrhv9 KNI 7 8 7 10 8 6 9 8 8 7 8 8 9 9 9 8 6 9 10 6 9 6 7 7 7 7 8 6 6 10 7 6 10 10 7
itbzi6 PET 8 7 7 6 7 8 7 7 7 6 9 8 9 9 8 7 6 10 7 7 8 10 9 10 6 8 6 8 6 9 8 7 7
aziht5 MT 9 8 8 6 9 7 10 10 10 6 6 8 7 10 9 6 7 10 8 6 10 9 9 10 8 6 6 6 9 8 6 6 9
oljfz7 KNI 6 8 9 9 10 8 7 8 8 10 8 8 9 6
floyz5 IKI 10 9 8 7 8 7 10 8 8 8 8 10 7 8 8 6 8 7 7 6 6 8 9 8 7 8 9 8 8 6 10 7
jrkec7 KNI 8 6 10 7 10 9 10 8 10 8
mnxah1 MT 8 8 7 8 8 8 7
ydurf0 IKI 9 7 10 8 9 9 9 7 9 6 9 6 10 7 6 8 8 9 6 6 9 7 7 9 9
jswha8 IKI 9 9 7 7 6 8 8 9 6 10 7 8 10 8 7 9
dcwij9 KNI 7 10 9 10 6 8 10 7 8 8 8 9 8 8 6 9 7 9 9 7 8 10 9 6 9 7 9 9 10 8 7 10
sbntg4 KNI 9 8 9 10 7 9 8 7 7 7 7 10 9 7 9 10 6 10 6 7 9
odwup6 KNI 9 10 8 9 7 8 7 10 7 6 9 7 6 6 10 8 9 7 10 6 10 9 8 10 6 8 8 8 9 8 7
jidjr5 PET 7 10 7 8 10 6 7 10
ufnla5 MT 9 9 10 9 7 7 6 8 8 10 6 10 8 9 7 7 6 9 7 8 9 9 6 10 9 7 9 10 6 7 10 8 7 8 9 6 8 10 10
yaptv9 KNI 9 8 8 7 8 7 9 8 7 10 9 6 8 7 6 7 7 10 7 7 6
chrts1 PET 7 9 7 10 8 7 9 9 10 10 6 8 7 7 9 7 10 7 9 10 10 6 9 9 7 8 8 9 10 7 7 6 6 9
kwgin0 PET 7 8 8 8 8 8 8 9 10 7 7
rzsxl5 KNI 10 8 8 9 6 9 10 7 9 8 7 7 6 10 8 8 10 8 6 9 7 7 9 6 7 7
ymtwi5 PET 9 10 9 9 7 10 7 7 7 7 8 10 10 8 8 7 6 9 10 10 8 7 9 9 9 10 8 7 9
tvecj8 KNI 8 8 10 9 8 8 8 6 8 7 7 7
fmpey1 MT 8 6 7 7 8 8 7 7 9 10 9 10 9 9 8 6 6 9 6 8 8 8 7 9 10 7 10 10 8 9 6 10 8 10
ookrq3 IKI 10 9 7 10 9 9 8
ipmhv4 PET 10 9 7 6 8 8 10 8 6 8 7 9 10 9 8 6 9 9 9 7 9 7 6 10 6 7 9 7 6 9 10 9 10 10
cpkgi2 PET 9 7 7 8 9 9 8 9 7 7 10 9 6 9 10 8 6 8 8 8 7 10 9 9 8 8 7 6 10 7 8
akjie3 KNI 8 6 6 8 7 9 8 8 8 9 9 8 9 9 7 10 8 6 6 9 8 10
xwoim9 KNI 9 9 9 7 8 7 10 8 6 9 8 8 10 9 8 8 8 10 10 7 10 8 6 8 10 9 8 10 6 10 8 7 6 7
efoem7 MT 8 9 7 7 10 9 8 8 7 8 8 7 10 9 8 9 8 8 9 9 6 7 7 10 6 10 10 9 10 7
itrvh8 KNI 7 6 8 8 9
sqsjy5 KNI 8 8 9 8 7 7 9 7 8 6 10 10 10 10
codtc8 KNI 7 9 10 9 10 8 10 8 7 6 9 9 6 6 10 7 8 6 9 9 7 7 8 9 6 6 6 7 6 9 9 7 8 8 6 6 10
xsyny0 MT 8 8 6 9 7 7 6 6 7 6 10 7 9 8 9
nckhy2 KNI 10 7 8 7 6 8 9 10 10 8 10 8 8 6 10 8
dldog1 KNI 9 6 7 6 10 9
dzjgc5 KNI 6 8 6 8 8 7 6 9 10 9 9 10 10 10 7 7
ngsjq3 PET 7 10 7 10 10 8 9
edcqc1 IKI 8 6 7 8 8 9 9 6 8 8 7 10 6 9 6 8
omgqa8 IKI 7 7 9 9 8 6 7 9 8 8 7 7 6 7 7 10 6 6 10 9 8 9 10 8 9 7 9 7 8 8
ghirp6 IKI 9 8 9 8 8 9 9 8 8 9 8 8 10 8 7 8 6 8 6 7 9 9 6 6 10 6 6 10 6 7 9 9 7 7
segsw4 MT 6 9 10 9 9 6 7 7 7 6 7 8 8 6 9 7 8 6 7 7 6 8
ziksa2 IKI 6 7 9 7 10 6 7 7 6 7 9 8 6 7 6 7 6 7 8 7 7 7 9 7 8 6 9 6 7 10 8 9 8 7 8 7 9
alnko7 KNI 7 8 7 8 10 6 7 9 7 8 9 6 7 10 6 9 9 6 7 10 9 9 7 8 6 8 7
ktmtq6 IKI 9 9 8 10 6 7 7 9 7 10 8 10 10 9 6 8 6 7 8 6 9 9 10 8 9
gkrai5 MT 7 8 6 7 8 10 6 7 7 9 7 6 8 9 10 8 7 8 7
mgkpt1 MT 8 10 9 6 9 6 8 7 8 8 7 6 8 10 6 6 10 6 7
kkrkz4 PET 8 9 10 8 9 8 9 9 10 8 6 8 10 8 8 7 8 7 10 7 10 10 7 10 6 7 9 9 8 6 7 7 8 10 7 9 8 9 7
uzvzh8 KNI 7 8 8 7 8 6 9 8 7 8 9 6 9 7 10 10 8
kezej0 PET 8 9 8 7 8 7 8 7 7 6 10 6 7 9
bfrya6 KNI 9 8 6 6 9 9 9 6 6 9 6 8 7 9 6 10 10 7
drgnn2 MT 7 10 8 8 8 8 7 8 6 9 9 6 8 7 8 10 7 8 8 7 9 8 8 10 6 8 6 9
vlynd4 MT 9 8 10 7 7 7 8
orevm9 PET 8 10 10 8 10 8 10 8 9 8 8 10 8 9 6 9 7 7 10 8 8 7 10 10 10 8 9 8 8 6 6 9 8 9 8 10
hwnde6 PET 8 8 7 8 6 8 7 9 6 8 10 7 7 9 7 7 9
urdgt7 MT 9 7 8 8 9 7 9 7 9 7 6 9 8 7 6 10 8 7 7 10 9 9 9 9 9 10
mgxyt2 IKI 7 7 7 8 7 7 6 9 7 6 6 7 7 7 8 8 10 8 8 7 10 6 6 8 9 6 9 8 9 8 9 6 8 10 8 7
wtjbi5 KNI 7 9 8 7 9 9 8 7 7 9 8 8 7 9 10 9 10 8 8 7 10 9
yyzvb6 IKI 8 6 6 7 6 10 9 7 8 7 10 10 7
mwajw8 IKI 8 8 8 7 10 10 6 7 6 8 9 10 9 10 7 8 8
qbbyt8 IKI 10 7 9 6 10 10 10 9 7 7 8 9 7 9
hmcvp2 MT 9 8 9 7 6 7 7 10 10 6 8 7 8 10 6 9 10 8 8 9 10 8 8 10 6 7
opfgw3 MT 9 8 7 10 9 10 8 9 8 7 10 9 8 9 6 9 7 10 7 7 9
frrcm4 MT 9 10 6 6 7 9 9 9 9 8 10 6 9 9 8 8 8 9 9 7 6 6 6 7 8 6 8 9 7 7 7 10 9 7 7 6 9
sawqz8 IKI 10 8 10 8 8 7 6 9 8 6 10 8 10 10
hbweo2 IKI 8 9 9 7 6 7 7 8 9 7 9 7 9 10 7 8 9 7 10 9 7 6 7 10 8 9 7 8 9 10 6 8 7 6 8 7 7 7
kdjaq0 MT 6 9 8 8 8 7 9 7 10 10 8 6 10 9 8 8 7 7 7 8 9 8 8 6 10 7 7 8 7
kpupe8 KNI 9 9 7 8 6 7 7 8 8 9
mnnuj2 KNI 10 8 7 10 10 9 8 8 8 6 10 8 7 8 10 9 7 9
fgspi4 MT 8 8 7 8 9 9 7 9 8 8 6 6 8 9 6 7 10 8 8 9 7 7 7 7 9 8 8 10 6 9 7 6 9 7 8 8 7 6 7 9
hdzdj9 IKI 7 7 9 8 10 6 7 7
qeuvp5 MT 10 9 9 6 9 8 9 9 6 8 7 8 8 6 9 6 9 8 9 6 6 7 7 8 9 9 9 9 9 9 10
atxdl4 MT 9 8 7 9 7 8 8 8 8 7 7 6 6 8 8
hkwcp7 KNI 8 9 7 7 8 8 10 8 8 8 9 7
cnred0 MT 6 10 9 10 8 6 8 8 6 10 9 8 9 6 9 6 8 7 10
ailme3 PET 9 6 8 9 6 7 6 9 8 9 8 7 9 6 9 7 7 7 9 8 7 6 8 7 8 6 9 10
aganr7 IKI 10 6 7 10 7 8 8 9 9 6 8 6 9 8 9 8 6 10 6 6 6 9 6 10 7 6 7 9 9 8 9 8 9 6 9 7 8
vmclu8 IKI 10 8 7 9 9 6 10 6 8 8 8 9 9 6 8 9 6 7 9 7 8 8 10 9 7 9 6 6 6 8 10 9 8 7 9 6 10 7 7
fycsy2 PET 6 6 9 9 9 9 8 7 8 7 9 6 10 10 10 8 6 6 7 6
ghsgj7 MT 8 10 10 7 7 8 9 9 9 9 7 6 9 7 7
wsjow1 MT 9 6 9 7 7 8 9 9 7 7 9 9 8 6
wenqz1 PET 8 7 7 6 6 10
dlaqr9 IKI 7 8 7 10 7 7 6 7 9 8 7 6 7 7 9 8
rzcpn5 IKI 6 10 10 9 6 8 7 10 7 7 6 6 8 9 8 9 9 6 7 8 6 7 6 8 8 6 9 8 6
zkdno6 MT 7 9 9 8 6 7 10 9 8 8 9 10 6 9 7 8 10 8 8 8 6 9 7 8 8 9 7
vjqfs1 KNI 6 8 7 10 6 7 8 7 10 9 6 10 6 7 7 9 9 9 7 6 8
fzexe3 PET 8 10 9 9 7 8 7 8 7
ejocr9 KNI 8 8 6 7 9 9 8 7 8 9 8 6 8 7 7 7 6 6 9 8 9 6 8 7 7 10 8 8 10 9 10 6 9 10 8 6 7 8 9 6
xzwol7 MT 8 6 8 9 8 10 10 9 7 6 9 10 8 9 8 9 6 7 8 10 10 9 8 9 7 8 6 10 8 7 8 8 7 6 8 10 6
wpgkc9 PET 7 9 9 9 6 8 10 7 10 8
moieb0 KNI 8 9 7 10 7 7 10 9 8 10 8 8 9 7 10 9
ovyib7 IKI 9 8 10 7 7 7 9 7 10 8 10 8 6 9 7 8 10 10 7 7 6
uhvcw3 IKI 8 9 7 6 8 9 9 9 8 6 10 8 9 8 7 7 9 10 10 9 9 10 9 9 8 7 9
ujykn3 IKI 8 8 7 7 7 10 7 10 10 8 8 9 7 6 8 7 7 10 9 9 9 10 6 8 8 9 9 9 8 7 10
bldih2 PET 7 8 8 8 10 8 8 8 8 8 8 8 10 7 7 8 10 6 8 7 9 9 7 7 10 9 6
jydso0 KNI 8 8 8 6 7 8 10 9 8 10 8 7 8 7 9
rnipg8 PET 9 10 7 10 9 10 8 9 7 7 9 8 8 8 9 8 8 7 10 9 7 9 7
ujwsa7 PET 9 6 10 7 7 9 9 8 8 9 9 6 7 8 8 8 6 7 8 8 9 10 9 9
jusfe3 PET 9 8 9 8 7 10 6 7 6 7 6 9
iixsp5 PET 8 8 7 10 6
euhcj6 KNI 8 6 7 8 8 7 8 10 9 9 10 8 8 10 9 9
bnqxh0 KNI 7 8 7 6 7 8 10 10 10 6 9 7 8 7 9 8 6 8 6 10 10 6 8 8 8 6 8 8 9 9 8 6 8 9 9 8 8 6 7
xvyir9 MT 6 7 7 7 8 6 6 7
booer5 KNI 6 6 8 7 6 9 7 8 7 7 6 10 7 9 6 8 9 7 8 8 9
spzyc4 PET 9 7 7 8 8 9 7 7 7 8 7 7 8 8 8 8 10 6 8 8 10 9 8 10 8 8 6 8 10 9 6 8 10 9 6 7
inwyc4 PET 7 7 9 7 6 8 8 7 8 7 7 6 9 9 10 7 6 6 10 6 8 8 8 8 6 8 9 8 10 8
ajxaj7 KNI 10 9 7 7 8 10 9 9 6 7 7 9 10 9 7 7 7 8 9 6 8 8 7 9 9 6 9 10 6 10 9 9 8 6 6 10 9 8 10
fqssw0 KNI 7 6 7 7 9 8 7 8 6 10 9 9 7 8 7 8 6 9 7 8 7 7 8 8 6 6 10 8 10 6 9 6 9 7 10 8
gqcqq6 KNI 8 10 10 6 9 8 6 8 10 9 8 9 10 9 9 8 7 10 10 6 9 10 7 10 9 8 7 9 7 10 8 7 9 10 7 8 7